ACTIVE_PART_STACK__SELECTED_BORDER_COLOR=24.532019, 0.825203, 0.964706, 100|24.532019, 0.825203, 0.964706, 100
ACTIVE_PART_STACK__SELECTED_FILL_COLOR=24.532019, 0.82520324, 0.9647059, 100|0.0, 0.0, 1.0, 100
WINDOW__TOOLBAR_FILL_COLOR=0.0, 0.0, 0.93085104, 100|0.0, 0.0, 0.84042555, 100
eclipse.preferences.version=1
